*Heading
** Job name: Compression Model name: Model-1
** Generated by: Abaqus/CAE 2023
*Preprint, echo=NO, model=NO, history=NO, contact=NO
**
** PARTS
**
*Part, name=Part-1
*End Part
**  
**
** ASSEMBLY
**
*Assembly, name=Assembly
**  
*Instance, name=Part-1-1, part=Part-1
*Node
      1,  -80.5429153,   59.2691994,           0.
      2,  -92.3865356,   38.2717628,           0.
      3,  -98.8609848,   15.0501108,           0.
      4,  -99.5899887,  -9.04620075,           0.
      5,   -94.531189,  -32.6167793,           0.
      6,  -83.9785767,    -54.29179,           0.
      7,  -68.5454407,   -72.811554,           0.
      8,   -49.128685,  -87.0997849,           0.
      9,  -26.8567524,   -96.326088,           0.
     10,  -3.02400327,  -99.9542694,           0.
     11,   20.9844913,   -97.773468,           0.
     12,   43.7734413,  -89.9104309,           0.
     13,   64.0184402,  -76.8221283,           0.
     14,   80.5429153,  -59.2691994,           0.
     15,   92.3865356,  -38.2717628,           0.
     16,   98.8609848,  -15.0501108,           0.
     17,   99.5899887,   9.04620075,           0.
     18,    94.531189,   32.6167793,           0.
     19,   83.9785767,     54.29179,           0.
     20,   68.5454407,    72.811554,           0.
     21,    49.128685,   87.0997849,           0.
     22,   26.8567524,    96.326088,           0.
     23,   3.02400327,   99.9542694,           0.
     24,  -20.9844913,    97.773468,           0.
     25,  -43.7734413,   89.9104309,           0.
     26,  -64.0184402,   76.8221283,           0.
     27,  -15.1717081,   73.9842987,           0.
     28,   22.7905159,   73.6611404,           0.
     29,   40.9391937,   69.1506424,           0.
     30,   56.2819633,   58.7384338,           0.
     31,   68.3458328,   44.5217323,           0.
     32,   74.5648499,   27.0424767,           0.
     33,  -79.8404388,  -6.95159531,           0.
     34,   75.5918808,  -11.9669714,           0.
     35,   70.8476791,  -31.3474979,           0.
     36,   62.3032646,  -49.5031128,           0.
     37,   49.1109657,  -64.2762833,           0.
     38,    38.450798,  -77.3623581,           0.
     39,   22.7750702,  -75.9080276,           0.
     40,   2.13978577,  -75.5561523,           0.
     41,  -33.3743057,   67.2926254,           0.
     42,  -13.0435839,  -52.6938934,           0.
     43,  -52.5811768,  -55.4535599,           0.
     44,  -65.7674561,  -42.0771408,           0.
     45,  -74.7500381,  -24.9791622,           0.
     46,   76.4816055,   7.77252531,           0.
     47,  -80.6783371,   11.7470312,           0.
     48,  -74.4400253,   29.2524052,           0.
     49,  -63.5380287,    44.566658,           0.
     50,  -49.6038513,   57.2992134,           0.
     51,  -49.7682304,   29.7153721,           0.
     52,   22.6023426,    51.848053,           0.
     53,   30.8071079,  -52.9556427,           0.
     54,   52.6291771,  -10.6108942,           0.
     55,   44.9103661,   45.4758034,           0.
     56,   54.2319641,   24.8787422,           0.
     57,  -60.1035385,    18.835186,           0.
     58,  -62.6886368,  -2.70540357,           0.
     59,  -35.9025116,  -36.1284218,           0.
     60,    50.238842,  -28.4564743,           0.
     61,  -23.7024899,   47.5160675,           0.
     62,   30.6468124,  -11.3284836,           0.
     63,   29.5135326,  -30.9603062,           0.
     64,   31.9493122,   30.3136692,           0.
     65,  -26.1150494,   16.5857162,           0.
     66,   9.60958099,  -12.3356781,           0.
     67,  -49.1982803,   5.52880049,           0.
     68,   7.00741959,  -53.1526794,           0.
     69,  -12.7758093,   33.3343582,           0.
     70,   8.40089417,  -32.3142624,           0.
     71,  -12.1308651,  -11.8422451,           0.
     72,  -11.9577188,    56.116066,           0.
     73,  -13.0935268,  -32.7454491,           0.
     74,  -7.95289755,   8.31581402,           0.
     75,    3.7411449,   74.8202896,           0.
     76,  -18.6470737,   -73.362442,           0.
     77,  -37.5022316,  -66.9979401,           0.
     78,  -28.5206966,   -51.629837,           0.
     79,  -37.2558708,   38.3188934,           0.
     80,  -67.8423309,   9.50165367,           0.
     81,   3.32702851,    48.833992,           0.
     82,   35.9065056,   55.1635056,           0.
     83,    55.591404,   38.0516548,           0.
     84,   53.5002213,   7.49513483,           0.
     85,   48.5617332,  -43.0436707,           0.
     86,  -56.0898705,  -17.1010895,           0.
     87,  -52.2567406,  -31.3019714,           0.
     88,  -41.2486496,   16.7173576,           0.
     89,  -34.9732208,  -8.92426968,           0.
     90,   11.3795109,   26.6292419,           0.
     91,  -3.21374798,   23.1477547,           0.
     92,   11.4289026,   7.33250523,           0.
     93,   31.5034504,   8.20258427,           0.
     94,  -80.5429153,   59.2691994,          25.
     95,  -92.3865356,   38.2717628,          25.
     96,  -98.8609848,   15.0501108,          25.
     97,  -99.5899887,  -9.04620075,          25.
     98,   -94.531189,  -32.6167793,          25.
     99,  -83.9785767,    -54.29179,          25.
    100,  -68.5454407,   -72.811554,          25.
    101,   -49.128685,  -87.0997849,          25.
    102,  -26.8567524,   -96.326088,          25.
    103,  -3.02400327,  -99.9542694,          25.
    104,   20.9844913,   -97.773468,          25.
    105,   43.7734413,  -89.9104309,          25.
    106,   64.0184402,  -76.8221283,          25.
    107,   80.5429153,  -59.2691994,          25.
    108,   92.3865356,  -38.2717628,          25.
    109,   98.8609848,  -15.0501108,          25.
    110,   99.5899887,   9.04620075,          25.
    111,    94.531189,   32.6167793,          25.
    112,   83.9785767,     54.29179,          25.
    113,   68.5454407,    72.811554,          25.
    114,    49.128685,   87.0997849,          25.
    115,   26.8567524,    96.326088,          25.
    116,   3.02400327,   99.9542694,          25.
    117,  -20.9844913,    97.773468,          25.
    118,  -43.7734413,   89.9104309,          25.
    119,  -64.0184402,   76.8221283,          25.
    120,  -15.1717081,   73.9842987,          25.
    121,   22.7905159,   73.6611404,          25.
    122,   40.9391937,   69.1506424,          25.
    123,   56.2819633,   58.7384338,          25.
    124,   68.3458328,   44.5217323,          25.
    125,   74.5648499,   27.0424767,          25.
    126,  -79.8404388,  -6.95159531,          25.
    127,   75.5918808,  -11.9669714,          25.
    128,   70.8476791,  -31.3474979,          25.
    129,   62.3032646,  -49.5031128,          25.
    130,   49.1109657,  -64.2762833,          25.
    131,    38.450798,  -77.3623581,          25.
    132,   22.7750702,  -75.9080276,          25.
    133,   2.13978577,  -75.5561523,          25.
    134,  -33.3743057,   67.2926254,          25.
    135,  -13.0435839,  -52.6938934,          25.
    136,  -52.5811768,  -55.4535599,          25.
    137,  -65.7674561,  -42.0771408,          25.
    138,  -74.7500381,  -24.9791622,          25.
    139,   76.4816055,   7.77252531,          25.
    140,  -80.6783371,   11.7470312,          25.
    141,  -74.4400253,   29.2524052,          25.
    142,  -63.5380287,    44.566658,          25.
    143,  -49.6038513,   57.2992134,          25.
    144,  -49.7682304,   29.7153721,          25.
    145,   22.6023426,    51.848053,          25.
    146,   30.8071079,  -52.9556427,          25.
    147,   52.6291771,  -10.6108942,          25.
    148,   44.9103661,   45.4758034,          25.
    149,   54.2319641,   24.8787422,          25.
    150,  -60.1035385,    18.835186,          25.
    151,  -62.6886368,  -2.70540357,          25.
    152,  -35.9025116,  -36.1284218,          25.
    153,    50.238842,  -28.4564743,          25.
    154,  -23.7024899,   47.5160675,          25.
    155,   30.6468124,  -11.3284836,          25.
    156,   29.5135326,  -30.9603062,          25.
    157,   31.9493122,   30.3136692,          25.
    158,  -26.1150494,   16.5857162,          25.
    159,   9.60958099,  -12.3356781,          25.
    160,  -49.1982803,   5.52880049,          25.
    161,   7.00741959,  -53.1526794,          25.
    162,  -12.7758093,   33.3343582,          25.
    163,   8.40089417,  -32.3142624,          25.
    164,  -12.1308651,  -11.8422451,          25.
    165,  -11.9577188,    56.116066,          25.
    166,  -13.0935268,  -32.7454491,          25.
    167,  -7.95289755,   8.31581402,          25.
    168,    3.7411449,   74.8202896,          25.
    169,  -18.6470737,   -73.362442,          25.
    170,  -37.5022316,  -66.9979401,          25.
    171,  -28.5206966,   -51.629837,          25.
    172,  -37.2558708,   38.3188934,          25.
    173,  -67.8423309,   9.50165367,          25.
    174,   3.32702851,    48.833992,          25.
    175,   35.9065056,   55.1635056,          25.
    176,    55.591404,   38.0516548,          25.
    177,   53.5002213,   7.49513483,          25.
    178,   48.5617332,  -43.0436707,          25.
    179,  -56.0898705,  -17.1010895,          25.
    180,  -52.2567406,  -31.3019714,          25.
    181,  -41.2486496,   16.7173576,          25.
    182,  -34.9732208,  -8.92426968,          25.
    183,   11.3795109,   26.6292419,          25.
    184,  -3.21374798,   23.1477547,          25.
    185,   11.4289026,   7.33250523,          25.
    186,   31.5034504,   8.20258427,          25.
    187,  -80.5429153,   59.2691994,          50.
    188,  -92.3865356,   38.2717628,          50.
    189,  -98.8609848,   15.0501108,          50.
    190,  -99.5899887,  -9.04620075,          50.
    191,   -94.531189,  -32.6167793,          50.
    192,  -83.9785767,    -54.29179,          50.
    193,  -68.5454407,   -72.811554,          50.
    194,   -49.128685,  -87.0997849,          50.
    195,  -26.8567524,   -96.326088,          50.
    196,  -3.02400327,  -99.9542694,          50.
    197,   20.9844913,   -97.773468,          50.
    198,   43.7734413,  -89.9104309,          50.
    199,   64.0184402,  -76.8221283,          50.
    200,   80.5429153,  -59.2691994,          50.
    201,   92.3865356,  -38.2717628,          50.
    202,   98.8609848,  -15.0501108,          50.
    203,   99.5899887,   9.04620075,          50.
    204,    94.531189,   32.6167793,          50.
    205,   83.9785767,     54.29179,          50.
    206,   68.5454407,    72.811554,          50.
    207,    49.128685,   87.0997849,          50.
    208,   26.8567524,    96.326088,          50.
    209,   3.02400327,   99.9542694,          50.
    210,  -20.9844913,    97.773468,          50.
    211,  -43.7734413,   89.9104309,          50.
    212,  -64.0184402,   76.8221283,          50.
    213,  -15.1717081,   73.9842987,          50.
    214,   22.7905159,   73.6611404,          50.
    215,   40.9391937,   69.1506424,          50.
    216,   56.2819633,   58.7384338,          50.
    217,   68.3458328,   44.5217323,          50.
    218,   74.5648499,   27.0424767,          50.
    219,  -79.8404388,  -6.95159531,          50.
    220,   75.5918808,  -11.9669714,          50.
    221,   70.8476791,  -31.3474979,          50.
    222,   62.3032646,  -49.5031128,          50.
    223,   49.1109657,  -64.2762833,          50.
    224,    38.450798,  -77.3623581,          50.
    225,   22.7750702,  -75.9080276,          50.
    226,   2.13978577,  -75.5561523,          50.
    227,  -33.3743057,   67.2926254,          50.
    228,  -13.0435839,  -52.6938934,          50.
    229,  -52.5811768,  -55.4535599,          50.
    230,  -65.7674561,  -42.0771408,          50.
    231,  -74.7500381,  -24.9791622,          50.
    232,   76.4816055,   7.77252531,          50.
    233,  -80.6783371,   11.7470312,          50.
    234,  -74.4400253,   29.2524052,          50.
    235,  -63.5380287,    44.566658,          50.
    236,  -49.6038513,   57.2992134,          50.
    237,  -49.7682304,   29.7153721,          50.
    238,   22.6023426,    51.848053,          50.
    239,   30.8071079,  -52.9556427,          50.
    240,   52.6291771,  -10.6108942,          50.
    241,   44.9103661,   45.4758034,          50.
    242,   54.2319641,   24.8787422,          50.
    243,  -60.1035385,    18.835186,          50.
    244,  -62.6886368,  -2.70540357,          50.
    245,  -35.9025116,  -36.1284218,          50.
    246,    50.238842,  -28.4564743,          50.
    247,  -23.7024899,   47.5160675,          50.
    248,   30.6468124,  -11.3284836,          50.
    249,   29.5135326,  -30.9603062,          50.
    250,   31.9493122,   30.3136692,          50.
    251,  -26.1150494,   16.5857162,          50.
    252,   9.60958099,  -12.3356781,          50.
    253,  -49.1982803,   5.52880049,          50.
    254,   7.00741959,  -53.1526794,          50.
    255,  -12.7758093,   33.3343582,          50.
    256,   8.40089417,  -32.3142624,          50.
    257,  -12.1308651,  -11.8422451,          50.
    258,  -11.9577188,    56.116066,          50.
    259,  -13.0935268,  -32.7454491,          50.
    260,  -7.95289755,   8.31581402,          50.
    261,    3.7411449,   74.8202896,          50.
    262,  -18.6470737,   -73.362442,          50.
    263,  -37.5022316,  -66.9979401,          50.
    264,  -28.5206966,   -51.629837,          50.
    265,  -37.2558708,   38.3188934,          50.
    266,  -67.8423309,   9.50165367,          50.
    267,   3.32702851,    48.833992,          50.
    268,   35.9065056,   55.1635056,          50.
    269,    55.591404,   38.0516548,          50.
    270,   53.5002213,   7.49513483,          50.
    271,   48.5617332,  -43.0436707,          50.
    272,  -56.0898705,  -17.1010895,          50.
    273,  -52.2567406,  -31.3019714,          50.
    274,  -41.2486496,   16.7173576,          50.
    275,  -34.9732208,  -8.92426968,          50.
    276,   11.3795109,   26.6292419,          50.
    277,  -3.21374798,   23.1477547,          50.
    278,   11.4289026,   7.33250523,          50.
    279,   31.5034504,   8.20258427,          50.
    280,  -80.5429153,   59.2691994,          75.
    281,  -92.3865356,   38.2717628,          75.
    282,  -98.8609848,   15.0501108,          75.
    283,  -99.5899887,  -9.04620075,          75.
    284,   -94.531189,  -32.6167793,          75.
    285,  -83.9785767,    -54.29179,          75.
    286,  -68.5454407,   -72.811554,          75.
    287,   -49.128685,  -87.0997849,          75.
    288,  -26.8567524,   -96.326088,          75.
    289,  -3.02400327,  -99.9542694,          75.
    290,   20.9844913,   -97.773468,          75.
    291,   43.7734413,  -89.9104309,          75.
    292,   64.0184402,  -76.8221283,          75.
    293,   80.5429153,  -59.2691994,          75.
    294,   92.3865356,  -38.2717628,          75.
    295,   98.8609848,  -15.0501108,          75.
    296,   99.5899887,   9.04620075,          75.
    297,    94.531189,   32.6167793,          75.
    298,   83.9785767,     54.29179,          75.
    299,   68.5454407,    72.811554,          75.
    300,    49.128685,   87.0997849,          75.
    301,   26.8567524,    96.326088,          75.
    302,   3.02400327,   99.9542694,          75.
    303,  -20.9844913,    97.773468,          75.
    304,  -43.7734413,   89.9104309,          75.
    305,  -64.0184402,   76.8221283,          75.
    306,  -15.1717081,   73.9842987,          75.
    307,   22.7905159,   73.6611404,          75.
    308,   40.9391937,   69.1506424,          75.
    309,   56.2819633,   58.7384338,          75.
    310,   68.3458328,   44.5217323,          75.
    311,   74.5648499,   27.0424767,          75.
    312,  -79.8404388,  -6.95159531,          75.
    313,   75.5918808,  -11.9669714,          75.
    314,   70.8476791,  -31.3474979,          75.
    315,   62.3032646,  -49.5031128,          75.
    316,   49.1109657,  -64.2762833,          75.
    317,    38.450798,  -77.3623581,          75.
    318,   22.7750702,  -75.9080276,          75.
    319,   2.13978577,  -75.5561523,          75.
    320,  -33.3743057,   67.2926254,          75.
    321,  -13.0435839,  -52.6938934,          75.
    322,  -52.5811768,  -55.4535599,          75.
    323,  -65.7674561,  -42.0771408,          75.
    324,  -74.7500381,  -24.9791622,          75.
    325,   76.4816055,   7.77252531,          75.
    326,  -80.6783371,   11.7470312,          75.
    327,  -74.4400253,   29.2524052,          75.
    328,  -63.5380287,    44.566658,          75.
    329,  -49.6038513,   57.2992134,          75.
    330,  -49.7682304,   29.7153721,          75.
    331,   22.6023426,    51.848053,          75.
    332,   30.8071079,  -52.9556427,          75.
    333,   52.6291771,  -10.6108942,          75.
    334,   44.9103661,   45.4758034,          75.
    335,   54.2319641,   24.8787422,          75.
    336,  -60.1035385,    18.835186,          75.
    337,  -62.6886368,  -2.70540357,          75.
    338,  -35.9025116,  -36.1284218,          75.
    339,    50.238842,  -28.4564743,          75.
    340,  -23.7024899,   47.5160675,          75.
    341,   30.6468124,  -11.3284836,          75.
    342,   29.5135326,  -30.9603062,          75.
    343,   31.9493122,   30.3136692,          75.
    344,  -26.1150494,   16.5857162,          75.
    345,   9.60958099,  -12.3356781,          75.
    346,  -49.1982803,   5.52880049,          75.
    347,   7.00741959,  -53.1526794,          75.
    348,  -12.7758093,   33.3343582,          75.
    349,   8.40089417,  -32.3142624,          75.
    350,  -12.1308651,  -11.8422451,          75.
    351,  -11.9577188,    56.116066,          75.
    352,  -13.0935268,  -32.7454491,          75.
    353,  -7.95289755,   8.31581402,          75.
    354,    3.7411449,   74.8202896,          75.
    355,  -18.6470737,   -73.362442,          75.
    356,  -37.5022316,  -66.9979401,          75.
    357,  -28.5206966,   -51.629837,          75.
    358,  -37.2558708,   38.3188934,          75.
    359,  -67.8423309,   9.50165367,          75.
    360,   3.32702851,    48.833992,          75.
    361,   35.9065056,   55.1635056,          75.
    362,    55.591404,   38.0516548,          75.
    363,   53.5002213,   7.49513483,          75.
    364,   48.5617332,  -43.0436707,          75.
    365,  -56.0898705,  -17.1010895,          75.
    366,  -52.2567406,  -31.3019714,          75.
    367,  -41.2486496,   16.7173576,          75.
    368,  -34.9732208,  -8.92426968,          75.
    369,   11.3795109,   26.6292419,          75.
    370,  -3.21374798,   23.1477547,          75.
    371,   11.4289026,   7.33250523,          75.
    372,   31.5034504,   8.20258427,          75.
    373,  -80.5429153,   59.2691994,         100.
    374,  -92.3865356,   38.2717628,         100.
    375,  -98.8609848,   15.0501108,         100.
    376,  -99.5899887,  -9.04620075,         100.
    377,   -94.531189,  -32.6167793,         100.
    378,  -83.9785767,    -54.29179,         100.
    379,  -68.5454407,   -72.811554,         100.
    380,   -49.128685,  -87.0997849,         100.
    381,  -26.8567524,   -96.326088,         100.
    382,  -3.02400327,  -99.9542694,         100.
    383,   20.9844913,   -97.773468,         100.
    384,   43.7734413,  -89.9104309,         100.
    385,   64.0184402,  -76.8221283,         100.
    386,   80.5429153,  -59.2691994,         100.
    387,   92.3865356,  -38.2717628,         100.
    388,   98.8609848,  -15.0501108,         100.
    389,   99.5899887,   9.04620075,         100.
    390,    94.531189,   32.6167793,         100.
    391,   83.9785767,     54.29179,         100.
    392,   68.5454407,    72.811554,         100.
    393,    49.128685,   87.0997849,         100.
    394,   26.8567524,    96.326088,         100.
    395,   3.02400327,   99.9542694,         100.
    396,  -20.9844913,    97.773468,         100.
    397,  -43.7734413,   89.9104309,         100.
    398,  -64.0184402,   76.8221283,         100.
    399,  -15.1717081,   73.9842987,         100.
    400,   22.7905159,   73.6611404,         100.
    401,   40.9391937,   69.1506424,         100.
    402,   56.2819633,   58.7384338,         100.
    403,   68.3458328,   44.5217323,         100.
    404,   74.5648499,   27.0424767,         100.
    405,  -79.8404388,  -6.95159531,         100.
    406,   75.5918808,  -11.9669714,         100.
    407,   70.8476791,  -31.3474979,         100.
    408,   62.3032646,  -49.5031128,         100.
    409,   49.1109657,  -64.2762833,         100.
    410,    38.450798,  -77.3623581,         100.
    411,   22.7750702,  -75.9080276,         100.
    412,   2.13978577,  -75.5561523,         100.
    413,  -33.3743057,   67.2926254,         100.
    414,  -13.0435839,  -52.6938934,         100.
    415,  -52.5811768,  -55.4535599,         100.
    416,  -65.7674561,  -42.0771408,         100.
    417,  -74.7500381,  -24.9791622,         100.
    418,   76.4816055,   7.77252531,         100.
    419,  -80.6783371,   11.7470312,         100.
    420,  -74.4400253,   29.2524052,         100.
    421,  -63.5380287,    44.566658,         100.
    422,  -49.6038513,   57.2992134,         100.
    423,  -49.7682304,   29.7153721,         100.
    424,   22.6023426,    51.848053,         100.
    425,   30.8071079,  -52.9556427,         100.
    426,   52.6291771,  -10.6108942,         100.
    427,   44.9103661,   45.4758034,         100.
    428,   54.2319641,   24.8787422,         100.
    429,  -60.1035385,    18.835186,         100.
    430,  -62.6886368,  -2.70540357,         100.
    431,  -35.9025116,  -36.1284218,         100.
    432,    50.238842,  -28.4564743,         100.
    433,  -23.7024899,   47.5160675,         100.
    434,   30.6468124,  -11.3284836,         100.
    435,   29.5135326,  -30.9603062,         100.
    436,   31.9493122,   30.3136692,         100.
    437,  -26.1150494,   16.5857162,         100.
    438,   9.60958099,  -12.3356781,         100.
    439,  -49.1982803,   5.52880049,         100.
    440,   7.00741959,  -53.1526794,         100.
    441,  -12.7758093,   33.3343582,         100.
    442,   8.40089417,  -32.3142624,         100.
    443,  -12.1308651,  -11.8422451,         100.
    444,  -11.9577188,    56.116066,         100.
    445,  -13.0935268,  -32.7454491,         100.
    446,  -7.95289755,   8.31581402,         100.
    447,    3.7411449,   74.8202896,         100.
    448,  -18.6470737,   -73.362442,         100.
    449,  -37.5022316,  -66.9979401,         100.
    450,  -28.5206966,   -51.629837,         100.
    451,  -37.2558708,   38.3188934,         100.
    452,  -67.8423309,   9.50165367,         100.
    453,   3.32702851,    48.833992,         100.
    454,   35.9065056,   55.1635056,         100.
    455,    55.591404,   38.0516548,         100.
    456,   53.5002213,   7.49513483,         100.
    457,   48.5617332,  -43.0436707,         100.
    458,  -56.0898705,  -17.1010895,         100.
    459,  -52.2567406,  -31.3019714,         100.
    460,  -41.2486496,   16.7173576,         100.
    461,  -34.9732208,  -8.92426968,         100.
    462,   11.3795109,   26.6292419,         100.
    463,  -3.21374798,   23.1477547,         100.
    464,   11.4289026,   7.33250523,         100.
    465,   31.5034504,   8.20258427,         100.
    466,  -80.5429153,   59.2691994,         125.
    467,  -92.3865356,   38.2717628,         125.
    468,  -98.8609848,   15.0501108,         125.
    469,  -99.5899887,  -9.04620075,         125.
    470,   -94.531189,  -32.6167793,         125.
    471,  -83.9785767,    -54.29179,         125.
    472,  -68.5454407,   -72.811554,         125.
    473,   -49.128685,  -87.0997849,         125.
    474,  -26.8567524,   -96.326088,         125.
    475,  -3.02400327,  -99.9542694,         125.
    476,   20.9844913,   -97.773468,         125.
    477,   43.7734413,  -89.9104309,         125.
    478,   64.0184402,  -76.8221283,         125.
    479,   80.5429153,  -59.2691994,         125.
    480,   92.3865356,  -38.2717628,         125.
    481,   98.8609848,  -15.0501108,         125.
    482,   99.5899887,   9.04620075,         125.
    483,    94.531189,   32.6167793,         125.
    484,   83.9785767,     54.29179,         125.
    485,   68.5454407,    72.811554,         125.
    486,    49.128685,   87.0997849,         125.
    487,   26.8567524,    96.326088,         125.
    488,   3.02400327,   99.9542694,         125.
    489,  -20.9844913,    97.773468,         125.
    490,  -43.7734413,   89.9104309,         125.
    491,  -64.0184402,   76.8221283,         125.
    492,  -15.1717081,   73.9842987,         125.
    493,   22.7905159,   73.6611404,         125.
    494,   40.9391937,   69.1506424,         125.
    495,   56.2819633,   58.7384338,         125.
    496,   68.3458328,   44.5217323,         125.
    497,   74.5648499,   27.0424767,         125.
    498,  -79.8404388,  -6.95159531,         125.
    499,   75.5918808,  -11.9669714,         125.
    500,   70.8476791,  -31.3474979,         125.
    501,   62.3032646,  -49.5031128,         125.
    502,   49.1109657,  -64.2762833,         125.
    503,    38.450798,  -77.3623581,         125.
    504,   22.7750702,  -75.9080276,         125.
    505,   2.13978577,  -75.5561523,         125.
    506,  -33.3743057,   67.2926254,         125.
    507,  -13.0435839,  -52.6938934,         125.
    508,  -52.5811768,  -55.4535599,         125.
    509,  -65.7674561,  -42.0771408,         125.
    510,  -74.7500381,  -24.9791622,         125.
    511,   76.4816055,   7.77252531,         125.
    512,  -80.6783371,   11.7470312,         125.
    513,  -74.4400253,   29.2524052,         125.
    514,  -63.5380287,    44.566658,         125.
    515,  -49.6038513,   57.2992134,         125.
    516,  -49.7682304,   29.7153721,         125.
    517,   22.6023426,    51.848053,         125.
    518,   30.8071079,  -52.9556427,         125.
    519,   52.6291771,  -10.6108942,         125.
    520,   44.9103661,   45.4758034,         125.
    521,   54.2319641,   24.8787422,         125.
    522,  -60.1035385,    18.835186,         125.
    523,  -62.6886368,  -2.70540357,         125.
    524,  -35.9025116,  -36.1284218,         125.
    525,    50.238842,  -28.4564743,         125.
    526,  -23.7024899,   47.5160675,         125.
    527,   30.6468124,  -11.3284836,         125.
    528,   29.5135326,  -30.9603062,         125.
    529,   31.9493122,   30.3136692,         125.
    530,  -26.1150494,   16.5857162,         125.
    531,   9.60958099,  -12.3356781,         125.
    532,  -49.1982803,   5.52880049,         125.
    533,   7.00741959,  -53.1526794,         125.
    534,  -12.7758093,   33.3343582,         125.
    535,   8.40089417,  -32.3142624,         125.
    536,  -12.1308651,  -11.8422451,         125.
    537,  -11.9577188,    56.116066,         125.
    538,  -13.0935268,  -32.7454491,         125.
    539,  -7.95289755,   8.31581402,         125.
    540,    3.7411449,   74.8202896,         125.
    541,  -18.6470737,   -73.362442,         125.
    542,  -37.5022316,  -66.9979401,         125.
    543,  -28.5206966,   -51.629837,         125.
    544,  -37.2558708,   38.3188934,         125.
    545,  -67.8423309,   9.50165367,         125.
    546,   3.32702851,    48.833992,         125.
    547,   35.9065056,   55.1635056,         125.
    548,    55.591404,   38.0516548,         125.
    549,   53.5002213,   7.49513483,         125.
    550,   48.5617332,  -43.0436707,         125.
    551,  -56.0898705,  -17.1010895,         125.
    552,  -52.2567406,  -31.3019714,         125.
    553,  -41.2486496,   16.7173576,         125.
    554,  -34.9732208,  -8.92426968,         125.
    555,   11.3795109,   26.6292419,         125.
    556,  -3.21374798,   23.1477547,         125.
    557,   11.4289026,   7.33250523,         125.
    558,   31.5034504,   8.20258427,         125.
    559,  -80.5429153,   59.2691994,         150.
    560,  -92.3865356,   38.2717628,         150.
    561,  -98.8609848,   15.0501108,         150.
    562,  -99.5899887,  -9.04620075,         150.
    563,   -94.531189,  -32.6167793,         150.
    564,  -83.9785767,    -54.29179,         150.
    565,  -68.5454407,   -72.811554,         150.
    566,   -49.128685,  -87.0997849,         150.
    567,  -26.8567524,   -96.326088,         150.
    568,  -3.02400327,  -99.9542694,         150.
    569,   20.9844913,   -97.773468,         150.
    570,   43.7734413,  -89.9104309,         150.
    571,   64.0184402,  -76.8221283,         150.
    572,   80.5429153,  -59.2691994,         150.
    573,   92.3865356,  -38.2717628,         150.
    574,   98.8609848,  -15.0501108,         150.
    575,   99.5899887,   9.04620075,         150.
    576,    94.531189,   32.6167793,         150.
    577,   83.9785767,     54.29179,         150.
    578,   68.5454407,    72.811554,         150.
    579,    49.128685,   87.0997849,         150.
    580,   26.8567524,    96.326088,         150.
    581,   3.02400327,   99.9542694,         150.
    582,  -20.9844913,    97.773468,         150.
    583,  -43.7734413,   89.9104309,         150.
    584,  -64.0184402,   76.8221283,         150.
    585,  -15.1717081,   73.9842987,         150.
    586,   22.7905159,   73.6611404,         150.
    587,   40.9391937,   69.1506424,         150.
    588,   56.2819633,   58.7384338,         150.
    589,   68.3458328,   44.5217323,         150.
    590,   74.5648499,   27.0424767,         150.
    591,  -79.8404388,  -6.95159531,         150.
    592,   75.5918808,  -11.9669714,         150.
    593,   70.8476791,  -31.3474979,         150.
    594,   62.3032646,  -49.5031128,         150.
    595,   49.1109657,  -64.2762833,         150.
    596,    38.450798,  -77.3623581,         150.
    597,   22.7750702,  -75.9080276,         150.
    598,   2.13978577,  -75.5561523,         150.
    599,  -33.3743057,   67.2926254,         150.
    600,  -13.0435839,  -52.6938934,         150.
    601,  -52.5811768,  -55.4535599,         150.
    602,  -65.7674561,  -42.0771408,         150.
    603,  -74.7500381,  -24.9791622,         150.
    604,   76.4816055,   7.77252531,         150.
    605,  -80.6783371,   11.7470312,         150.
    606,  -74.4400253,   29.2524052,         150.
    607,  -63.5380287,    44.566658,         150.
    608,  -49.6038513,   57.2992134,         150.
    609,  -49.7682304,   29.7153721,         150.
    610,   22.6023426,    51.848053,         150.
    611,   30.8071079,  -52.9556427,         150.
    612,   52.6291771,  -10.6108942,         150.
    613,   44.9103661,   45.4758034,         150.
    614,   54.2319641,   24.8787422,         150.
    615,  -60.1035385,    18.835186,         150.
    616,  -62.6886368,  -2.70540357,         150.
    617,  -35.9025116,  -36.1284218,         150.
    618,    50.238842,  -28.4564743,         150.
    619,  -23.7024899,   47.5160675,         150.
    620,   30.6468124,  -11.3284836,         150.
    621,   29.5135326,  -30.9603062,         150.
    622,   31.9493122,   30.3136692,         150.
    623,  -26.1150494,   16.5857162,         150.
    624,   9.60958099,  -12.3356781,         150.
    625,  -49.1982803,   5.52880049,         150.
    626,   7.00741959,  -53.1526794,         150.
    627,  -12.7758093,   33.3343582,         150.
    628,   8.40089417,  -32.3142624,         150.
    629,  -12.1308651,  -11.8422451,         150.
    630,  -11.9577188,    56.116066,         150.
    631,  -13.0935268,  -32.7454491,         150.
    632,  -7.95289755,   8.31581402,         150.
    633,    3.7411449,   74.8202896,         150.
    634,  -18.6470737,   -73.362442,         150.
    635,  -37.5022316,  -66.9979401,         150.
    636,  -28.5206966,   -51.629837,         150.
    637,  -37.2558708,   38.3188934,         150.
    638,  -67.8423309,   9.50165367,         150.
    639,   3.32702851,    48.833992,         150.
    640,   35.9065056,   55.1635056,         150.
    641,    55.591404,   38.0516548,         150.
    642,   53.5002213,   7.49513483,         150.
    643,   48.5617332,  -43.0436707,         150.
    644,  -56.0898705,  -17.1010895,         150.
    645,  -52.2567406,  -31.3019714,         150.
    646,  -41.2486496,   16.7173576,         150.
    647,  -34.9732208,  -8.92426968,         150.
    648,   11.3795109,   26.6292419,         150.
    649,  -3.21374798,   23.1477547,         150.
    650,   11.4289026,   7.33250523,         150.
    651,   31.5034504,   8.20258427,         150.
*Element, type=C3D8R
  1, 168, 116, 115, 121,  75,  23,  22,  28
  2, 121, 115, 114, 122,  28,  22,  21,  29
  3, 122, 114, 113, 123,  29,  21,  20,  30
  4, 153, 128, 129, 178,  60,  35,  36,  85
  5, 104, 132, 131, 105,  11,  39,  38,  12
  6, 157, 149, 177, 186,  64,  56,  84,  93
  7, 140,  96,  95, 141,  47,   3,   2,  48
  8, 131, 132, 146, 130,  38,  39,  53,  37
  9, 166, 152, 182, 164,  73,  59,  89,  71
 10, 153, 147, 127, 128,  60,  54,  34,  35
 11, 149, 157, 148, 176,  56,  64,  55,  83
 12, 175, 145, 121, 122,  82,  52,  28,  29
 13, 120, 117, 116, 168,  27,  24,  23,  75
 14, 103, 133, 132, 104,  10,  40,  39,  11
 15, 133, 169, 135, 161,  40,  76,  42,  68
 16, 137, 136, 100,  99,  44,  43,   7,   6
 17, 155, 186, 177, 147,  62,  93,  84,  54
 18, 141,  95,  94, 142,  48,   2,   1,  49
 19, 141, 142, 144, 150,  48,  49,  51,  57
 20, 174, 168, 121, 145,  81,  75,  28,  52
 21, 134, 118, 117, 120,  41,  25,  24,  27
 22, 123, 113, 112, 124,  30,  20,  19,  31
 23, 124, 112, 111, 125,  31,  19,  18,  32
 24, 125, 111, 110, 139,  32,  18,  17,  46
 25, 139, 110, 109, 127,  46,  17,  16,  34
 26, 127, 109, 108, 128,  34,  16,  15,  35
 27, 128, 108, 107, 129,  35,  15,  14,  36
 28,  97, 126, 138,  98,   4,  33,  45,   5
 29, 126,  97,  96, 140,  33,   4,   3,  47
 30, 129, 107, 106, 130,  36,  14,  13,  37
 31, 130, 106, 105, 131,  37,  13,  12,  38
 32, 133, 103, 102, 169,  40,  10,   9,  76
 33, 135, 169, 170, 171,  42,  76,  77,  78
 34, 166, 135, 171, 152,  73,  42,  78,  59
 35, 180, 179, 182, 152,  87,  86,  89,  59
 36, 118, 134, 143, 119,  25,  41,  50,  26
 37, 171, 170, 136, 152,  78,  77,  43,  59
 38, 179, 151, 160, 182,  86,  58,  67,  89
 39, 137,  99,  98, 138,  44,   6,   5,  45
 40, 172, 158, 181, 144,  79,  65,  88,  51
 41, 138, 126, 151, 179,  45,  33,  58,  86
 42, 158, 167, 164, 182,  65,  74,  71,  89
 43, 142,  94, 119, 143,  49,   1,  26,  50
 44, 144, 142, 143, 172,  51,  49,  50,  79
 45, 134, 154, 172, 143,  41,  61,  79,  50
 46, 154, 134, 120, 165,  61,  41,  27,  72
 47, 150, 173, 140, 141,  57,  80,  47,  48
 48, 123, 148, 175, 122,  30,  55,  82,  29
 49, 176, 148, 123, 124,  83,  55,  30,  31
 50, 159, 155, 156, 163,  66,  62,  63,  70
 51, 145, 175, 148, 157,  52,  82,  55,  64
 52, 149, 125, 139, 177,  56,  32,  46,  84
 53, 156, 155, 147, 153,  63,  62,  54,  60
 54, 173, 151, 126, 140,  80,  58,  33,  47
 55, 180, 152, 136, 137,  87,  59,  43,  44
 56, 163, 166, 164, 159,  70,  73,  71,  66
 57, 172, 154, 162, 158,  79,  61,  69,  65
 58, 162, 154, 165, 174,  69,  61,  72,  81
 59, 163, 161, 135, 166,  70,  68,  42,  73
 60, 163, 156, 146, 161,  70,  63,  53,  68
 61, 160, 151, 173, 150,  67,  58,  80,  57
 62, 158, 182, 160, 181,  65,  89,  67,  88
 63, 181, 160, 150, 144,  88,  67,  57,  51
 64, 184, 183, 185, 167,  91,  90,  92,  74
 65, 167, 158, 162, 184,  74,  65,  69,  91
 66, 165, 120, 168, 174,  72,  27,  75,  81
 67, 183, 174, 145, 157,  90,  81,  52,  64
 68, 159, 164, 167, 185,  66,  71,  74,  92
 69, 169, 102, 101, 170,  76,   9,   8,  77
 70, 170, 101, 100, 136,  77,   8,   7,  43
 71, 176, 124, 125, 149,  83,  31,  32,  56
 72, 177, 139, 127, 147,  84,  46,  34,  54
 73, 178, 129, 130, 146,  85,  36,  37,  53
 74, 132, 133, 161, 146,  39,  40,  68,  53
 75, 138, 179, 180, 137,  45,  86,  87,  44
 76, 178, 146, 156, 153,  85,  53,  63,  60
 77, 184, 162, 174, 183,  91,  69,  81,  90
 78, 159, 185, 186, 155,  66,  92,  93,  62
 79, 183, 157, 186, 185,  90,  64,  93,  92
 80, 261, 209, 208, 214, 168, 116, 115, 121
 81, 214, 208, 207, 215, 121, 115, 114, 122
 82, 215, 207, 206, 216, 122, 114, 113, 123
 83, 246, 221, 222, 271, 153, 128, 129, 178
 84, 197, 225, 224, 198, 104, 132, 131, 105
 85, 250, 242, 270, 279, 157, 149, 177, 186
 86, 233, 189, 188, 234, 140,  96,  95, 141
 87, 224, 225, 239, 223, 131, 132, 146, 130
 88, 259, 245, 275, 257, 166, 152, 182, 164
 89, 246, 240, 220, 221, 153, 147, 127, 128
 90, 242, 250, 241, 269, 149, 157, 148, 176
 91, 268, 238, 214, 215, 175, 145, 121, 122
 92, 213, 210, 209, 261, 120, 117, 116, 168
 93, 196, 226, 225, 197, 103, 133, 132, 104
 94, 226, 262, 228, 254, 133, 169, 135, 161
 95, 230, 229, 193, 192, 137, 136, 100,  99
 96, 248, 279, 270, 240, 155, 186, 177, 147
 97, 234, 188, 187, 235, 141,  95,  94, 142
 98, 234, 235, 237, 243, 141, 142, 144, 150
 99, 267, 261, 214, 238, 174, 168, 121, 145
100, 227, 211, 210, 213, 134, 118, 117, 120
101, 216, 206, 205, 217, 123, 113, 112, 124
102, 217, 205, 204, 218, 124, 112, 111, 125
103, 218, 204, 203, 232, 125, 111, 110, 139
104, 232, 203, 202, 220, 139, 110, 109, 127
105, 220, 202, 201, 221, 127, 109, 108, 128
106, 221, 201, 200, 222, 128, 108, 107, 129
107, 190, 219, 231, 191,  97, 126, 138,  98
108, 219, 190, 189, 233, 126,  97,  96, 140
109, 222, 200, 199, 223, 129, 107, 106, 130
110, 223, 199, 198, 224, 130, 106, 105, 131
111, 226, 196, 195, 262, 133, 103, 102, 169
112, 228, 262, 263, 264, 135, 169, 170, 171
113, 259, 228, 264, 245, 166, 135, 171, 152
114, 273, 272, 275, 245, 180, 179, 182, 152
115, 211, 227, 236, 212, 118, 134, 143, 119
116, 264, 263, 229, 245, 171, 170, 136, 152
117, 272, 244, 253, 275, 179, 151, 160, 182
118, 230, 192, 191, 231, 137,  99,  98, 138
119, 265, 251, 274, 237, 172, 158, 181, 144
120, 231, 219, 244, 272, 138, 126, 151, 179
121, 251, 260, 257, 275, 158, 167, 164, 182
122, 235, 187, 212, 236, 142,  94, 119, 143
123, 237, 235, 236, 265, 144, 142, 143, 172
124, 227, 247, 265, 236, 134, 154, 172, 143
125, 247, 227, 213, 258, 154, 134, 120, 165
126, 243, 266, 233, 234, 150, 173, 140, 141
127, 216, 241, 268, 215, 123, 148, 175, 122
128, 269, 241, 216, 217, 176, 148, 123, 124
129, 252, 248, 249, 256, 159, 155, 156, 163
130, 238, 268, 241, 250, 145, 175, 148, 157
131, 242, 218, 232, 270, 149, 125, 139, 177
132, 249, 248, 240, 246, 156, 155, 147, 153
133, 266, 244, 219, 233, 173, 151, 126, 140
134, 273, 245, 229, 230, 180, 152, 136, 137
135, 256, 259, 257, 252, 163, 166, 164, 159
136, 265, 247, 255, 251, 172, 154, 162, 158
137, 255, 247, 258, 267, 162, 154, 165, 174
138, 256, 254, 228, 259, 163, 161, 135, 166
139, 256, 249, 239, 254, 163, 156, 146, 161
140, 253, 244, 266, 243, 160, 151, 173, 150
141, 251, 275, 253, 274, 158, 182, 160, 181
142, 274, 253, 243, 237, 181, 160, 150, 144
143, 277, 276, 278, 260, 184, 183, 185, 167
144, 260, 251, 255, 277, 167, 158, 162, 184
145, 258, 213, 261, 267, 165, 120, 168, 174
146, 276, 267, 238, 250, 183, 174, 145, 157
147, 252, 257, 260, 278, 159, 164, 167, 185
148, 262, 195, 194, 263, 169, 102, 101, 170
149, 263, 194, 193, 229, 170, 101, 100, 136
150, 269, 217, 218, 242, 176, 124, 125, 149
151, 270, 232, 220, 240, 177, 139, 127, 147
152, 271, 222, 223, 239, 178, 129, 130, 146
153, 225, 226, 254, 239, 132, 133, 161, 146
154, 231, 272, 273, 230, 138, 179, 180, 137
155, 271, 239, 249, 246, 178, 146, 156, 153
156, 277, 255, 267, 276, 184, 162, 174, 183
157, 252, 278, 279, 248, 159, 185, 186, 155
158, 276, 250, 279, 278, 183, 157, 186, 185
159, 354, 302, 301, 307, 261, 209, 208, 214
160, 307, 301, 300, 308, 214, 208, 207, 215
161, 308, 300, 299, 309, 215, 207, 206, 216
162, 339, 314, 315, 364, 246, 221, 222, 271
163, 290, 318, 317, 291, 197, 225, 224, 198
164, 343, 335, 363, 372, 250, 242, 270, 279
165, 326, 282, 281, 327, 233, 189, 188, 234
166, 317, 318, 332, 316, 224, 225, 239, 223
167, 352, 338, 368, 350, 259, 245, 275, 257
168, 339, 333, 313, 314, 246, 240, 220, 221
169, 335, 343, 334, 362, 242, 250, 241, 269
170, 361, 331, 307, 308, 268, 238, 214, 215
171, 306, 303, 302, 354, 213, 210, 209, 261
172, 289, 319, 318, 290, 196, 226, 225, 197
173, 319, 355, 321, 347, 226, 262, 228, 254
174, 323, 322, 286, 285, 230, 229, 193, 192
175, 341, 372, 363, 333, 248, 279, 270, 240
176, 327, 281, 280, 328, 234, 188, 187, 235
177, 327, 328, 330, 336, 234, 235, 237, 243
178, 360, 354, 307, 331, 267, 261, 214, 238
179, 320, 304, 303, 306, 227, 211, 210, 213
180, 309, 299, 298, 310, 216, 206, 205, 217
181, 310, 298, 297, 311, 217, 205, 204, 218
182, 311, 297, 296, 325, 218, 204, 203, 232
183, 325, 296, 295, 313, 232, 203, 202, 220
184, 313, 295, 294, 314, 220, 202, 201, 221
185, 314, 294, 293, 315, 221, 201, 200, 222
186, 283, 312, 324, 284, 190, 219, 231, 191
187, 312, 283, 282, 326, 219, 190, 189, 233
188, 315, 293, 292, 316, 222, 200, 199, 223
189, 316, 292, 291, 317, 223, 199, 198, 224
190, 319, 289, 288, 355, 226, 196, 195, 262
191, 321, 355, 356, 357, 228, 262, 263, 264
192, 352, 321, 357, 338, 259, 228, 264, 245
193, 366, 365, 368, 338, 273, 272, 275, 245
194, 304, 320, 329, 305, 211, 227, 236, 212
195, 357, 356, 322, 338, 264, 263, 229, 245
196, 365, 337, 346, 368, 272, 244, 253, 275
197, 323, 285, 284, 324, 230, 192, 191, 231
198, 358, 344, 367, 330, 265, 251, 274, 237
199, 324, 312, 337, 365, 231, 219, 244, 272
200, 344, 353, 350, 368, 251, 260, 257, 275
201, 328, 280, 305, 329, 235, 187, 212, 236
202, 330, 328, 329, 358, 237, 235, 236, 265
203, 320, 340, 358, 329, 227, 247, 265, 236
204, 340, 320, 306, 351, 247, 227, 213, 258
205, 336, 359, 326, 327, 243, 266, 233, 234
206, 309, 334, 361, 308, 216, 241, 268, 215
207, 362, 334, 309, 310, 269, 241, 216, 217
208, 345, 341, 342, 349, 252, 248, 249, 256
209, 331, 361, 334, 343, 238, 268, 241, 250
210, 335, 311, 325, 363, 242, 218, 232, 270
211, 342, 341, 333, 339, 249, 248, 240, 246
212, 359, 337, 312, 326, 266, 244, 219, 233
213, 366, 338, 322, 323, 273, 245, 229, 230
214, 349, 352, 350, 345, 256, 259, 257, 252
215, 358, 340, 348, 344, 265, 247, 255, 251
216, 348, 340, 351, 360, 255, 247, 258, 267
217, 349, 347, 321, 352, 256, 254, 228, 259
218, 349, 342, 332, 347, 256, 249, 239, 254
219, 346, 337, 359, 336, 253, 244, 266, 243
220, 344, 368, 346, 367, 251, 275, 253, 274
221, 367, 346, 336, 330, 274, 253, 243, 237
222, 370, 369, 371, 353, 277, 276, 278, 260
223, 353, 344, 348, 370, 260, 251, 255, 277
224, 351, 306, 354, 360, 258, 213, 261, 267
225, 369, 360, 331, 343, 276, 267, 238, 250
226, 345, 350, 353, 371, 252, 257, 260, 278
227, 355, 288, 287, 356, 262, 195, 194, 263
228, 356, 287, 286, 322, 263, 194, 193, 229
229, 362, 310, 311, 335, 269, 217, 218, 242
230, 363, 325, 313, 333, 270, 232, 220, 240
231, 364, 315, 316, 332, 271, 222, 223, 239
232, 318, 319, 347, 332, 225, 226, 254, 239
233, 324, 365, 366, 323, 231, 272, 273, 230
234, 364, 332, 342, 339, 271, 239, 249, 246
235, 370, 348, 360, 369, 277, 255, 267, 276
236, 345, 371, 372, 341, 252, 278, 279, 248
237, 369, 343, 372, 371, 276, 250, 279, 278
238, 447, 395, 394, 400, 354, 302, 301, 307
239, 400, 394, 393, 401, 307, 301, 300, 308
240, 401, 393, 392, 402, 308, 300, 299, 309
241, 432, 407, 408, 457, 339, 314, 315, 364
242, 383, 411, 410, 384, 290, 318, 317, 291
243, 436, 428, 456, 465, 343, 335, 363, 372
244, 419, 375, 374, 420, 326, 282, 281, 327
245, 410, 411, 425, 409, 317, 318, 332, 316
246, 445, 431, 461, 443, 352, 338, 368, 350
247, 432, 426, 406, 407, 339, 333, 313, 314
248, 428, 436, 427, 455, 335, 343, 334, 362
249, 454, 424, 400, 401, 361, 331, 307, 308
250, 399, 396, 395, 447, 306, 303, 302, 354
251, 382, 412, 411, 383, 289, 319, 318, 290
252, 412, 448, 414, 440, 319, 355, 321, 347
253, 416, 415, 379, 378, 323, 322, 286, 285
254, 434, 465, 456, 426, 341, 372, 363, 333
255, 420, 374, 373, 421, 327, 281, 280, 328
256, 420, 421, 423, 429, 327, 328, 330, 336
257, 453, 447, 400, 424, 360, 354, 307, 331
258, 413, 397, 396, 399, 320, 304, 303, 306
259, 402, 392, 391, 403, 309, 299, 298, 310
260, 403, 391, 390, 404, 310, 298, 297, 311
261, 404, 390, 389, 418, 311, 297, 296, 325
262, 418, 389, 388, 406, 325, 296, 295, 313
263, 406, 388, 387, 407, 313, 295, 294, 314
264, 407, 387, 386, 408, 314, 294, 293, 315
265, 376, 405, 417, 377, 283, 312, 324, 284
266, 405, 376, 375, 419, 312, 283, 282, 326
267, 408, 386, 385, 409, 315, 293, 292, 316
268, 409, 385, 384, 410, 316, 292, 291, 317
269, 412, 382, 381, 448, 319, 289, 288, 355
270, 414, 448, 449, 450, 321, 355, 356, 357
271, 445, 414, 450, 431, 352, 321, 357, 338
272, 459, 458, 461, 431, 366, 365, 368, 338
273, 397, 413, 422, 398, 304, 320, 329, 305
274, 450, 449, 415, 431, 357, 356, 322, 338
275, 458, 430, 439, 461, 365, 337, 346, 368
276, 416, 378, 377, 417, 323, 285, 284, 324
277, 451, 437, 460, 423, 358, 344, 367, 330
278, 417, 405, 430, 458, 324, 312, 337, 365
279, 437, 446, 443, 461, 344, 353, 350, 368
280, 421, 373, 398, 422, 328, 280, 305, 329
281, 423, 421, 422, 451, 330, 328, 329, 358
282, 413, 433, 451, 422, 320, 340, 358, 329
283, 433, 413, 399, 444, 340, 320, 306, 351
284, 429, 452, 419, 420, 336, 359, 326, 327
285, 402, 427, 454, 401, 309, 334, 361, 308
286, 455, 427, 402, 403, 362, 334, 309, 310
287, 438, 434, 435, 442, 345, 341, 342, 349
288, 424, 454, 427, 436, 331, 361, 334, 343
289, 428, 404, 418, 456, 335, 311, 325, 363
290, 435, 434, 426, 432, 342, 341, 333, 339
291, 452, 430, 405, 419, 359, 337, 312, 326
292, 459, 431, 415, 416, 366, 338, 322, 323
293, 442, 445, 443, 438, 349, 352, 350, 345
294, 451, 433, 441, 437, 358, 340, 348, 344
295, 441, 433, 444, 453, 348, 340, 351, 360
296, 442, 440, 414, 445, 349, 347, 321, 352
297, 442, 435, 425, 440, 349, 342, 332, 347
298, 439, 430, 452, 429, 346, 337, 359, 336
299, 437, 461, 439, 460, 344, 368, 346, 367
300, 460, 439, 429, 423, 367, 346, 336, 330
301, 463, 462, 464, 446, 370, 369, 371, 353
302, 446, 437, 441, 463, 353, 344, 348, 370
303, 444, 399, 447, 453, 351, 306, 354, 360
304, 462, 453, 424, 436, 369, 360, 331, 343
305, 438, 443, 446, 464, 345, 350, 353, 371
306, 448, 381, 380, 449, 355, 288, 287, 356
307, 449, 380, 379, 415, 356, 287, 286, 322
308, 455, 403, 404, 428, 362, 310, 311, 335
309, 456, 418, 406, 426, 363, 325, 313, 333
310, 457, 408, 409, 425, 364, 315, 316, 332
311, 411, 412, 440, 425, 318, 319, 347, 332
312, 417, 458, 459, 416, 324, 365, 366, 323
313, 457, 425, 435, 432, 364, 332, 342, 339
314, 463, 441, 453, 462, 370, 348, 360, 369
315, 438, 464, 465, 434, 345, 371, 372, 341
316, 462, 436, 465, 464, 369, 343, 372, 371
317, 540, 488, 487, 493, 447, 395, 394, 400
318, 493, 487, 486, 494, 400, 394, 393, 401
319, 494, 486, 485, 495, 401, 393, 392, 402
320, 525, 500, 501, 550, 432, 407, 408, 457
321, 476, 504, 503, 477, 383, 411, 410, 384
322, 529, 521, 549, 558, 436, 428, 456, 465
323, 512, 468, 467, 513, 419, 375, 374, 420
324, 503, 504, 518, 502, 410, 411, 425, 409
325, 538, 524, 554, 536, 445, 431, 461, 443
326, 525, 519, 499, 500, 432, 426, 406, 407
327, 521, 529, 520, 548, 428, 436, 427, 455
328, 547, 517, 493, 494, 454, 424, 400, 401
329, 492, 489, 488, 540, 399, 396, 395, 447
330, 475, 505, 504, 476, 382, 412, 411, 383
331, 505, 541, 507, 533, 412, 448, 414, 440
332, 509, 508, 472, 471, 416, 415, 379, 378
333, 527, 558, 549, 519, 434, 465, 456, 426
334, 513, 467, 466, 514, 420, 374, 373, 421
335, 513, 514, 516, 522, 420, 421, 423, 429
336, 546, 540, 493, 517, 453, 447, 400, 424
337, 506, 490, 489, 492, 413, 397, 396, 399
338, 495, 485, 484, 496, 402, 392, 391, 403
339, 496, 484, 483, 497, 403, 391, 390, 404
340, 497, 483, 482, 511, 404, 390, 389, 418
341, 511, 482, 481, 499, 418, 389, 388, 406
342, 499, 481, 480, 500, 406, 388, 387, 407
343, 500, 480, 479, 501, 407, 387, 386, 408
344, 469, 498, 510, 470, 376, 405, 417, 377
345, 498, 469, 468, 512, 405, 376, 375, 419
346, 501, 479, 478, 502, 408, 386, 385, 409
347, 502, 478, 477, 503, 409, 385, 384, 410
348, 505, 475, 474, 541, 412, 382, 381, 448
349, 507, 541, 542, 543, 414, 448, 449, 450
350, 538, 507, 543, 524, 445, 414, 450, 431
351, 552, 551, 554, 524, 459, 458, 461, 431
352, 490, 506, 515, 491, 397, 413, 422, 398
353, 543, 542, 508, 524, 450, 449, 415, 431
354, 551, 523, 532, 554, 458, 430, 439, 461
355, 509, 471, 470, 510, 416, 378, 377, 417
356, 544, 530, 553, 516, 451, 437, 460, 423
357, 510, 498, 523, 551, 417, 405, 430, 458
358, 530, 539, 536, 554, 437, 446, 443, 461
359, 514, 466, 491, 515, 421, 373, 398, 422
360, 516, 514, 515, 544, 423, 421, 422, 451
361, 506, 526, 544, 515, 413, 433, 451, 422
362, 526, 506, 492, 537, 433, 413, 399, 444
363, 522, 545, 512, 513, 429, 452, 419, 420
364, 495, 520, 547, 494, 402, 427, 454, 401
365, 548, 520, 495, 496, 455, 427, 402, 403
366, 531, 527, 528, 535, 438, 434, 435, 442
367, 517, 547, 520, 529, 424, 454, 427, 436
368, 521, 497, 511, 549, 428, 404, 418, 456
369, 528, 527, 519, 525, 435, 434, 426, 432
370, 545, 523, 498, 512, 452, 430, 405, 419
371, 552, 524, 508, 509, 459, 431, 415, 416
372, 535, 538, 536, 531, 442, 445, 443, 438
373, 544, 526, 534, 530, 451, 433, 441, 437
374, 534, 526, 537, 546, 441, 433, 444, 453
375, 535, 533, 507, 538, 442, 440, 414, 445
376, 535, 528, 518, 533, 442, 435, 425, 440
377, 532, 523, 545, 522, 439, 430, 452, 429
378, 530, 554, 532, 553, 437, 461, 439, 460
379, 553, 532, 522, 516, 460, 439, 429, 423
380, 556, 555, 557, 539, 463, 462, 464, 446
381, 539, 530, 534, 556, 446, 437, 441, 463
382, 537, 492, 540, 546, 444, 399, 447, 453
383, 555, 546, 517, 529, 462, 453, 424, 436
384, 531, 536, 539, 557, 438, 443, 446, 464
385, 541, 474, 473, 542, 448, 381, 380, 449
386, 542, 473, 472, 508, 449, 380, 379, 415
387, 548, 496, 497, 521, 455, 403, 404, 428
388, 549, 511, 499, 519, 456, 418, 406, 426
389, 550, 501, 502, 518, 457, 408, 409, 425
390, 504, 505, 533, 518, 411, 412, 440, 425
391, 510, 551, 552, 509, 417, 458, 459, 416
392, 550, 518, 528, 525, 457, 425, 435, 432
393, 556, 534, 546, 555, 463, 441, 453, 462
394, 531, 557, 558, 527, 438, 464, 465, 434
395, 555, 529, 558, 557, 462, 436, 465, 464
396, 633, 581, 580, 586, 540, 488, 487, 493
397, 586, 580, 579, 587, 493, 487, 486, 494
398, 587, 579, 578, 588, 494, 486, 485, 495
399, 618, 593, 594, 643, 525, 500, 501, 550
400, 569, 597, 596, 570, 476, 504, 503, 477
401, 622, 614, 642, 651, 529, 521, 549, 558
402, 605, 561, 560, 606, 512, 468, 467, 513
403, 596, 597, 611, 595, 503, 504, 518, 502
404, 631, 617, 647, 629, 538, 524, 554, 536
405, 618, 612, 592, 593, 525, 519, 499, 500
406, 614, 622, 613, 641, 521, 529, 520, 548
407, 640, 610, 586, 587, 547, 517, 493, 494
408, 585, 582, 581, 633, 492, 489, 488, 540
409, 568, 598, 597, 569, 475, 505, 504, 476
410, 598, 634, 600, 626, 505, 541, 507, 533
411, 602, 601, 565, 564, 509, 508, 472, 471
412, 620, 651, 642, 612, 527, 558, 549, 519
413, 606, 560, 559, 607, 513, 467, 466, 514
414, 606, 607, 609, 615, 513, 514, 516, 522
415, 639, 633, 586, 610, 546, 540, 493, 517
416, 599, 583, 582, 585, 506, 490, 489, 492
417, 588, 578, 577, 589, 495, 485, 484, 496
418, 589, 577, 576, 590, 496, 484, 483, 497
419, 590, 576, 575, 604, 497, 483, 482, 511
420, 604, 575, 574, 592, 511, 482, 481, 499
421, 592, 574, 573, 593, 499, 481, 480, 500
422, 593, 573, 572, 594, 500, 480, 479, 501
423, 562, 591, 603, 563, 469, 498, 510, 470
424, 591, 562, 561, 605, 498, 469, 468, 512
425, 594, 572, 571, 595, 501, 479, 478, 502
426, 595, 571, 570, 596, 502, 478, 477, 503
427, 598, 568, 567, 634, 505, 475, 474, 541
428, 600, 634, 635, 636, 507, 541, 542, 543
429, 631, 600, 636, 617, 538, 507, 543, 524
430, 645, 644, 647, 617, 552, 551, 554, 524
431, 583, 599, 608, 584, 490, 506, 515, 491
432, 636, 635, 601, 617, 543, 542, 508, 524
433, 644, 616, 625, 647, 551, 523, 532, 554
434, 602, 564, 563, 603, 509, 471, 470, 510
435, 637, 623, 646, 609, 544, 530, 553, 516
436, 603, 591, 616, 644, 510, 498, 523, 551
437, 623, 632, 629, 647, 530, 539, 536, 554
438, 607, 559, 584, 608, 514, 466, 491, 515
439, 609, 607, 608, 637, 516, 514, 515, 544
440, 599, 619, 637, 608, 506, 526, 544, 515
441, 619, 599, 585, 630, 526, 506, 492, 537
442, 615, 638, 605, 606, 522, 545, 512, 513
443, 588, 613, 640, 587, 495, 520, 547, 494
444, 641, 613, 588, 589, 548, 520, 495, 496
445, 624, 620, 621, 628, 531, 527, 528, 535
446, 610, 640, 613, 622, 517, 547, 520, 529
447, 614, 590, 604, 642, 521, 497, 511, 549
448, 621, 620, 612, 618, 528, 527, 519, 525
449, 638, 616, 591, 605, 545, 523, 498, 512
450, 645, 617, 601, 602, 552, 524, 508, 509
451, 628, 631, 629, 624, 535, 538, 536, 531
452, 637, 619, 627, 623, 544, 526, 534, 530
453, 627, 619, 630, 639, 534, 526, 537, 546
454, 628, 626, 600, 631, 535, 533, 507, 538
455, 628, 621, 611, 626, 535, 528, 518, 533
456, 625, 616, 638, 615, 532, 523, 545, 522
457, 623, 647, 625, 646, 530, 554, 532, 553
458, 646, 625, 615, 609, 553, 532, 522, 516
459, 649, 648, 650, 632, 556, 555, 557, 539
460, 632, 623, 627, 649, 539, 530, 534, 556
461, 630, 585, 633, 639, 537, 492, 540, 546
462, 648, 639, 610, 622, 555, 546, 517, 529
463, 624, 629, 632, 650, 531, 536, 539, 557
464, 634, 567, 566, 635, 541, 474, 473, 542
465, 635, 566, 565, 601, 542, 473, 472, 508
466, 641, 589, 590, 614, 548, 496, 497, 521
467, 642, 604, 592, 612, 549, 511, 499, 519
468, 643, 594, 595, 611, 550, 501, 502, 518
469, 597, 598, 626, 611, 504, 505, 533, 518
470, 603, 644, 645, 602, 510, 551, 552, 509
471, 643, 611, 621, 618, 550, 518, 528, 525
472, 649, 627, 639, 648, 556, 534, 546, 555
473, 624, 650, 651, 620, 531, 557, 558, 527
474, 648, 622, 651, 650, 555, 529, 558, 557
*Nset, nset=Set-1, generate
   1,  651,    1
*Elset, elset=Set-1, generate
   1,  474,    1
** Section: Section-1
*Solid Section, elset=Set-1, material=Material-1
,
*End Instance
**  
*Nset, nset=fixed, instance=Part-1-1, generate
  1,  93,   1
*Nset, nset=loading, instance=Part-1-1, generate
 559,  651,    1
*End Assembly
** 
** MATERIALS
** 
*Material, name=Material-1
*Elastic
210000., 0.33
*Plastic
39.,   0.
40., 0.02
44., 0.03
47., 0.04
50., 0.05
52., 0.06
54., 0.07
55., 0.08
56., 0.09
58.,  0.1
59.,  0.2
60.,  0.2
60.,  0.6
** ----------------------------------------------------------------
** 
** STEP: Step-1
** 
*Step, name=Step-1, nlgeom=NO
*Static
1., 1., 1e-05, 1.
** 
** BOUNDARY CONDITIONS
** 
** Name: fixed Type: Displacement/Rotation
*Boundary
fixed, 1, 1
fixed, 2, 2
fixed, 3, 3
fixed, 4, 4
fixed, 5, 5
fixed, 6, 6
** Name: loading Type: Displacement/Rotation
*Boundary
loading, 3, 3, -50.
** 
** OUTPUT REQUESTS
** 
*Restart, write, frequency=0
** 
** FIELD OUTPUT: F-Output-1
** 
*Output, field, variable=PRESELECT
** 
** HISTORY OUTPUT: H-Output-1
** 
*Output, history, variable=PRESELECT
*End Step
